005498
000831
003713
001165
006878
006288
004269
003280
002231
002092
001922
004068
005222
006736
003904
003896
006862
002857
003013
005186
002918
000331
003108
003700
005959
003332
003897
003268
002164
005715
006765
004155
006664
001993
000898
002162
000223
001255
002683
000475
002806
002238
005387
002871
001839
004719
003540
006743
004665
004010
006028
002037
000480
007025
004008
002056
003849
006219
003376
000431
003481
003793
001020
000432
004873
004428
001790
002147
007408
007203
002416
006098
005037
004883
005857
007296
005678
006812
001610
006447
006857
005103
001980
007393
006746
005290
001818
006010
007058
004552
003607
000049
005912
007052
007251
000450
007077
004442
004966
000358
006963
006150
004691
002778
005767
001358
001354
006030
005708
002288
007254
003826
002287
003258
000237
000608
002250
000640
005740
002318
006242
001628
005714
005302
002320
001107
004797
003637
001378
006255
004230
001554
004976
001736
004540
003652
000232
002697
004049
003125
002973
004715
003661
006450
001046
003187
003814
004411
001219
005589
006440
000879
001252
002866
007360
000839
003924
000847
005452
007330
003086
005921
001210
001084
005368
006013
005925
005395
000961
006865
003715
003462
000447
001028
005462
004168
000400
001431
002239
005850
001572
004734
007011
004372
003425
005836
003560
004928
003435
003719
007288
004167
005982
004067
003516
007438
006109
004432
005391
002573
000565
005471
003706
004056
007026
001880
000263
004083
006414
001245
000136
007371
000010
000875
005305
003990
005360
000805
007394
005099
003503
006822
003823
000571
006240
000884
005089
006251
004593
001810
004290
003971
007015
005785
002179
005217
003634
000001
001479
002860
002567
002970
002581
005374
003067
001819
000871
006807
006639
004331
000253
004847
004096
000774
000561
004400
000578
003623
004572
003074
001076
001671
007179
001684
003464
003254
003186
004246
006342
001005
004475
004447
004765
007003
006369
006657
005328
006182
002256
000924
000221
000932
001945
005459
007413
005566
000861
004493
003269
002983
003819
004242
001966
004963
007195
000340
007235
004880
004854
000218
003756
007164
003856
003630
005264
001231
004249
004180
002819
004562
005646
004309
006090
002003
007193
001218
004379
006792
004632
003038
002183
001662
005002
007182
005686
001304
004879
000745
005762
001933
005522
002895
001325
005645
003146
005536
000256
003779
002437
001829
005339
005595
000853
000798
006279
006797
006563
002793
002301
007379
002225
004335
003097
001587
007223
006571
006208
002055
000508
002869
007032
002041
000929
003579
004590
001680
003083
007010
000093
000721
003685
000178
004142
002894
000787
005520
005624
003877
001447
003691
002197
003552
006599
001115
001133
007206
007469
004516
001380
001280
000351
005866
001712
006043
000802
002744
000007
000575
006022
000246
003319
006880
003745
001424
005661
000438
000188
000442
006127
003032
001212
005860
003538
000662
002232
002958
004333
005656
007313
000705
006615
006998
001430
005849
000352
006137
002752
007442
002994
003217
002711
002965
003509
005829
004848
001892
002946
004492
003658
002141
002090
005192
004646
003513
000837
004336
006461
000445
004059
005649
000645
006735
003789
003015
005424
003519
004105
005906
004047
000291
004959
006651
007128
000982
001807
002131
004025
006780
000104
000108
004730
000867
006681
000299
002887
003016
007433
000762
000586
006275
003405
000667
003622
006287
001529
000709
003255
004753
003588
003091
004862
001808
002515
001789
002075
004568
003056
000592
006672
006767
003023
003124
000525
002175
005318
001762
000823
004839
007472
007171
004687
000693
004177
005021
002837
004082
004354
004022
002272
001485
001357
005062
000027
007075
003190
005818
004644
007215
000082
003293
001912
003143
000053
005310
001097
006405
003035
002374
004171
006244
007016
002290
006094
007407
006995
006590
004113
002074
006054
006573
003839
006785
006625
001621
002708
000143
007412
006924
005112
005736
000437
002487
007340
001634
006428
004767
001379
004268
003939
004346
003087
002298
002673
003256
003226
001350
004699
000092
004143
007208
001082
007067
000860
002082
001058
005440
002115
000489
006063
003400
006787
006140
001425
006653
006530
000329
006991
001127
004207
007096
005001
001205
006303
001581
006149
005808
005735
005403
005732
003324
003930
001682
004414
005493
002365
000685
006627
000495
002392
001857
005775
004261
004842
001784
005223
006100
000618
002463
000909
001929
005464
005128
004441
006602
002549
002163
003014
001781
003398
001962
003688
005839
004865
003907
006087
000597
001876
007241
005250
003082
003554
002830
002883
000987
003813
005985
000419
002715
007305
007328
004094
006835
001773
006006
003220
007078
004812
004146
005742
003785
000173
003801
004874
003721
000800
006164
005870
000192
002316
001031
002246
006902
007304
004425
004175
002803
007415
006383
003338
006264
001335
003147
000180
005514
000318
003993
002828
000002
001720
006184
004519
006799
004818
005568
003407
002211
005684
000355
000824
005405
004775
003327
001442
000481
002513
000785
002195
004190
005971
003657
003162
002945
000534
006118
005093
007425
006887
001143
002949
005225
005090
000375
001672
003998
004126
004957
003965
006433
006012
002580
001077
000855
000927
007149
002613
005232
000379
002066
000846
005289
003197
000078
001596
007196
002585
002741
000491
001403
002230
003367
002182
006269
005972
007115
001375
003384
006690
003300
001277
003699
002312
004052
004727
001405
001552
005895
002584
007380
003469
005067
000723
006940
004901
001509
000619
004804
002548
004751
004952
006213
004104
001015
003762
003994
001026
003843
006927
005721
006088
002165
001126
007430
000427
005041
001753
004376
002593
005994
000009
003336
000933
004965
004967
005238
005325
007218
005669
002926
002791
003064
002595
005371
007441
006760
004455
003105
004393
006453
005111
003011
007260
002987
001990
001557
000311
006978
006918
003831
000238
006855
007274
005423
005545
005276
004746
000963
003126
006436
003299
005486
005266
006716
007043
001346
005629
005879
001701
004618
003140
005358
005701
005097
004636
002541
004777
004138
004566
006791
003584
002534
004605
001735
004329
006585
002719
005399
006876
006027
002500
003320
007051
001055
001653
006277
001422
003943
003804
002389
005558
005535
006249
000393
000024
001216
002626
004363
005333
005152
005496
004637
003368
004506
002259
003629
003486
004554
003264
005697
005793
002484
006489
004510
006001
000602
002995
002275
000422
002249
007326
005284
002072
002571
007095
006353
003322
000940
004099
003835
007374
004282
000873
005004
005696
003109
005048
007479
006972
003827
002349
003553
001413
005215
000843
004556
004692
002160
004046
001130
004659
003185
002053
001269
007127
002960
000717
003276
006031
000249
002176
003039
002936
000512
005203
001594
002128
006176
002831
005010
002065
004471
006702
003211
002283
001074
003951
001331
004275
002368
003119
006750
003452
001804
005691
000647
003508
002509
005538
000784
002038
007404
005532
006977
005779
001896
000172
007370
000812
003885
006552
006424
003026
002891
005663
004761
007410
001406
006875
006429
007110
001069
005326
002870
007334
004884
006842
001941
003987
004162
002209
004782
006324
003597
004196
007100
007317
002385
001577
001169
004616
006111
000305
007298
002577
001152
005295
006720
002104
003653
000955
005197
001095
006093
000105
004600
003274
007102
003929
001615
005513
005620
001638
001861
005129
002190
001234
006495
006667
002821
001286
004166
005028
001135
005287
006256
004599
002691
000139
006553
002029
004581
000202
000899
006881
001129
003044
001512
005161
000821
007310
003103
003712
004092
003436
005581
002383
002126
003864
006153
005261
005444
002529
001070
000676
001747
002068
004141
001170
007471
002154
006221
007338
006498
005007
000064
005376
002929
006686
002556
005689
001281
001928
006805
005484
002590
001305
000501
005553
002023
000681
001144
002841
000011
005038
002886
004696
002452
003232
004469
006841
000697
004100
002630
001247
007178
006203
001918
007276
007148
001256
005695
004229
003746
003847
003272
004829
005042
004522
004035
002516
006539
000341
003206
006331
004806
002260
001777
005950
000313
001198
000077
002603
000390
004939
005876
003599
005107
000572
006199
002237
006415
003961
005892
006758
000689
005937
006643
003347
004392
001566
005707
004474
001332
006382
002223
003049
004647
000055
005000
003973
004905
005945
000478
006172
000016
000225
000310
000342
006356
006596
005083
005479
004627
000966
004101
004357
007277
007071
003177
005468
001390
002447
002985
000096
003920
005080
005576
005019
004701
000904
002489
001840
005867
003640
004417
004953
002614
007352
000912
003419
001675
001230
002545
002540
002543
003776
003385
007141
005574
000459
000878
004043
002594
003403
005508
001828
002097
000035
006443
001199
004484
000244
005664
003570
006020
001976
003129
007014
003782
006168
000615
007083
002201
003791
001121
005066
004182
005334
004383
002303
005993
006610
004941
006070
003430
000903
002378
000822
003781
001162
006710
002525
000134
004705
002618
006134
000887
001214
000761
004729
001456
002371
005156
005907
003309
007446
007099
004948
004291
003811
004044
000509
004869
007180
000288
004209
001367
002642
002196
006586
004826
000890
002751
007002
000765
001788
002336
002325
001445
003642
000872
005409
006190
006937
002094
004233
003878
000034
002700
006038
000567
001859
001496
001275
003010
004422
006519
004085
005384
007061
006906
005651
002840
007079
006950
007142
002844
001371
006514
006933
005489
005078
000756
002078
000636
003682
001953
002108
006900
006360
005253
004407
000479
004602
001772
004259
000163
005026
000632
000047
005124
000041
004738
005772
007160
001875
001401
002579
002459
002241
002554
004394
004539
002422
004790
003235
006194
000675
003844
000893
006449
002482
003219
000870
002607
001854
001999
001576
004199
004658
006540
002682
001924
005875
002353
004536
000166
007418
002217
005115
003875
006183
001592
004298
006446
004048
001678
006180
005144
005819
006738
004791
001268
001267
001849
000005
003310
004312
004872
000382
006911
004507
001090
006000
006903
005822
007156
003724
003647
002412
001714
000674
006212
006864
003773
002517
001492
000507
002138
005503
002762
007465
007006
001220
003921
000463
004223
005692
007219
000080
000516
000385
001586
005634
002679
003603
005385
002306
006114
004778
004066
007076
000792
005173
001174
004741
007416
003821
001246
006970
006350
001914
000832
004657
000348
002942
007054
000111
004987
005534
000684
002220
001240
001241
001625
002467
001204
001363
004707
005693
000740
005956
005986
004927
007429
004840
003273
005601
002098
003520
007234
006669
005354
005746
007023
000728
000460
005565
005183
000964
000277
001769
000743
005683
004212
002589
007088
000037
006442
005782
002184
007468
003757
000764
002155
006257
001723
006178
002084
006713
004352
004762
000996
001172
004843
002787
000920
002645
000133
005834
000683
001182
000794
006420
002247
002362
000048
006650
003166
003191
001582
006211
007209
006439
003352
006253
003837
006795
002095
005821
001061
004192
003853
000767
000536
003474
000122
006349
005575
004596
000811
001798
004240
005323
007034
001983
002071
003259
002750
001167
002933
002810
000696
005343
003675
001410
006958
003638
003234
004349
005608
001686
000780
004827
004609
007243
003740
002462
006426
001407
001730
001607
003937
002343
000230
003171
004757
001283
002935
003339
007322
004421
006457
000778
003611
003468
005390
005636
001347
006873
001111
006526
003752
005411
006239
002111
003830
000374
006839
005218
007091
004553
007315
002660
002882
000772
002002
007151
000919
007098
000716
006126
004205
002763
005864
005433
000858
003668
000369
004412
000617
001460
002566
003153
005939
000990
001108
007411
000278
001297
006058
001080
005143
005039
005465
006901
006192
006640
001141
000976
005477
000020
005136
005313
005033
006644
006320
002707
003676
005548
005299
003889
001744
002337
004998
001523
004464
002820
006336
000926
002563
006062
001278
001982
006425
003695
003036
000604
003406
005615
004439
005248
002017
004742
001226
005235
006395
000546
006280
002315
004885
001629
002753
000688
004466
006921
002610
006630
002583
003787
000527
006274
004573
001670
000090
001695
004760
004834
005100
001117
000353
007057
007474
005933
001786
000694
002006
003566
006850
004406
006856
000555
007435
006376
001984
004983
005086
000624
003150
002492
006604
004601
005470
006276
003618
005940
007040
001533
005294
000330
006375
000466
004808
003199
004307
007324
005159
007166
004311
005957
002773
001399
006230
002384
000625
005511
005999
002993
006674
002562
000793
005070
000671
002858
003750
005781
006371
000087
000994
000226
005270
000116
007226
006628
005842
004710
002825
002142
006768
005964
001294
005336
003912
000698
000097
002526
003122
000915
005835
006671
006659
001365
006516
003392
000328
005966
000568
005321
005897
003905
005198
000194
000266
003047
002927
006328
005142
000556
000492
005241
002723
002404
001958
000411
006122
002797
005162
006181
002199
005668
006041
002180
006290
005804
002636
001450
007020
000695
002007
002555
004128
003090
003985
005924
007135
000813
002713
001374
005885
007240
000708
003222
004622
003966
006693
004845
005492
007144
006321
003815
001700
005590
005517
001291
002340
004740
003460
004434
005055
006895
002466
002060
003641
005917
004501
006545
005332
005516
002359
007247
000874
007038
002317
004021
002025
005381
000251
007462
003426
002228
005131
005466
005881
005838
006951
001991
007161
000179
006108
001738
004620
006601
002564
002635
005297
002146
005127
001353
002780
004172
007042
000719
006341
002816
002508
006394
003418
007401
006837
000569
001349
005632
001146
000521
001906
001856
003335
000284
000234
003908
003244
006008
005282
002974
004444
001555
004483
004012
005389
007419
001432
005417
002081
000019
005761
006037
006523
005880
004711
000856
002559
000272
004773
004896
005718
007181
000769
004737
001306
007177
007362
002885
001827
001323
005667
001565
001600
006510
005920
007458
005873
000260
003200
003033
003248
003628
004997
006847
005230
006538
002342
005147
003402
003546
000810
000129
002523
007112
004285
005951
003982
002971
007044
006107
007217
007480
006666
007055
002939
004060
000865
001039
003797
003851
001636
002695
007311
005137
006259
006252
004973
004399
006587
000206
000036
001052
005447
003862
001520
006985
006624
006820
000300
003351
004408
005816
002372
001749
002441
006323
001088
000522
001837
007000
004206
005450
000703
004721
000326
001923
006668
006141
006283
005209
005647
001439
006555
007049
003914
005380
004370
006843
003158
006076
001836
004897
007281
002099
006056
002443
000977
006965
001101
004870
003395
002200
000562
003394
006520
005918
006832
003765
003441
005401
003631
006404
007303
003608
004080
001588
005091
001785
002193
004561
000366
007147
003214
001809
003656
001062
000364
003530
002387
006551
007396
001502
004916
005598
001040
002847
007457
000500
003096
002030
003960
001985
004512
007108
000641
006270
004436
004109
000123
001882
005639
007119
003037
005626
005311
004663
001968
005524
000387
004163
001697
005901
005617
003759
000135
006438
006992
003240
006919
003427
007400
001487
004365
000973
000214
004666
004990
004942
001748
000503
004891
001397
001428
003997
006046
001637
000755
004277
005060
005550
004264
005733
000363
002685
002659
005259
001389
003163
003514
000258
003886
005480
000852
003201
003094
004717
007222
000668
004895
003485
004222
006398
006129
003314
004459
005185
000469
003459
006267
004351
002640
003738
001454
003895
003294
005630
003978
003751
002005
002032
003499
005923
005727
006883
001709
001038
005205
006246
005242
005133
004945
003615
002423
000417
001302
002004
004649
005963
001490
000783
001904
001715
002718
001562
002507
003544
000168
007125
001186
001147
004158
004628
007368
002334
003748
003444
005756
004002
002329
005499
001461
000367
003744
006759
004766
000656
004361
001486
001184
001663
001910
004969
002807
004164
004993
005685
000538
005206
006558
006687
001593
005759
005995
000711
003369
002280
005795
002376
000290
002521
002790
007165
002262
007278
000388
005058
003227
002893
007114
001468
003457
005706
001811
006776
005751
001506
007282
007123
002426
006645
003288
001774
006537
005815
003307
005329
000203
005560
006104
001433
002170
003687
005809
006677
003165
000934
007453
003723
003318
005190
003428
006045
004810
005840
004921
006714
001878
003282
003325
000980
004913
001018
003522
002815
001138
001546
004098
005977
000245
000426
005120
002433
004695
004227
000315
006393
002419
000383
000611
004876
003524
005580
002413
007163
006557
002861
005474
004488
000635
007320
002650
004866
001973
001044
000596
000334
005265
006347
006614
004125
006564
006953
000849
002686
004898
007056
004017
006732
004489
002774
003473
006412
001187
006923
005577
007286
001221
004504
006029
005117
001622
007117
003497
004262
004698
000185
000741
006796
000398
003290
005300
002588
006753
001664
004828
005853
001288
001041
004075
007059
007053
002380
003727
007332
007001
006231
007279
004286
003135
006352
003337
001669
001443
005619
006051
000650
005469
003076
000176
000922
007455
004239
002227
004106
001426
005246
003561
002470
004723
001706
003766
006355
003935
003919
003834
002898
004676
002919
000250
007403
004151
000880
003445
007359
005958
001416
001745
000449
004496
006052
005254
004036
004353
006387
007292
005119
000117
000119
007302
007176
005737
001007
004853
000051
002911
001515
004910
003183
005588
007294
001045
000725
006185
000346
002766
002569
004850
006481
001006
001472
002503
001643
006754
002572
000967
003563
005863
001575
000799
005796
006260
005095
007333
000307
003662
001884
002093
002968
001698
000042
000127
004546
003110
001498
004911
000797
004446
003743
000669
003763
005240
004583
001797
006611
000423
002771
000248
000345
006942
001370
001507
000590
002524
007389
001373
001722
004327
005393
002352
000083
006490
001710
005894
000378
000616
006711
001338
007386
002439
004252
001708
002772
007269
004662
007233
001868
000773
005858
002666
003753
001696
005166
001157
003009
004402
000380
002809
003117
003005
006990
000612
003735
003423
001711
003252
001475
002063
005871
000110
003391
002166
003690
006077
001282
004494
001359
005518
001731
004330
004677
002799
006102
004855
003295
002644
003633
006859
006458
006745
003605
004763
004712
007155
006531
007448
004550
001988
003913
002469
003281
007405
006629
001658
006513
003449
003052
007081
001909
005541
007449
005530
001996
001339
004792
001110
006073
003192
005029
004019
002875
006869
002366
002776
001893
003348
004386
007307
006866
002657
005362
005394
001863
002853
003396
006579
003778
003451
004731
002932
005919
002757
001948
003981
006566
004678
005172
004485
005224
006397
005682
006084
002598
006476
006524
002714
005755
007335
000302
000553
005419
002884
006660
005642
002480
007381
003666
002151
003491
001254
003980
006416
002628
003131
002491
006733
005898
005505
006462
001310
006717
003301
002930
003502
005998
002576
007391
006698
003949
001449
003433
007069
006665
003515
003173
000606
003777
003154
004078
005158
000215
007466
005227
000760
007388
003527
003711
003664
007272
004557
002299
006400
000161
004935
006017
000199
006576
003218
000121
004534
001598
007199
002103
003754
007375
001032
000651
005856
006174
005660
004750
007063
005770
007103
000187
007242
007268
006550
005791
007464
004064
001312
002083
004481
002152
005283
002917
000971
003707
003840
003285
002474
006339
005593
005491
004811
006422
005184
006535
005944
003681
005196
004257
004491
002530
005455
007037
004652
006344
007104
006821
004368
004621
002781
003175
004348
002486
007187
000473
005315
006914
006075
000257
004065
006712
001298
005274
000301
004250
002570
003216
003504
005410
005113
002638
002185
005984
000200
005851
002178
003069
001483
003758
006123
001667
000456
006600
002770
002421
001276
000519
007192
002903
001635
000095
001466
006774
004589
006893
004787
004038
002379
002251
003517
004903
001116
004670
006337
006830
000060
000809
006312
006173
003388
004087
005034
002999
003134
000885
006067
006676
005237
007378
004686
003063
005195
002759
003991
007319
005182
005280
003977
006435
007013
004375
005931
006570
006080
002026
004587
005786
004518
005322
004943
005542
000818
006120
005438
000443
004576
001178
003976
007459
004382
006482
006226
004798
003458
005057
002916
006306
002905
001787
004461
007152
001919
001800
002464
001087
002085
005132
002842
003950
003936
001899
002279
002157
003903
001716
006575
003543
005738
004832
003118
003461
004074
006715
002076
003212
000626
003130
006135
005135
003697
004296
001975
000766
006326
001952
006189
000845
002360
004057
003305
003233
005349
005018
001360
001895
005699
003680
004395
006997
002222
000428
004124
007066
001319
000065
006984
005527
001404
006512
003434
000074
004266
004718
003934
001503
005201
001103
005378
000739
002118
005342
004975
004653
005398
006501
007271
005896
007426
005948
004611
003649
007327
005677
004358
005922
004904
005688
001997
005439
002294
002754
005134
001654
002354
001368
004768
004907
006470
003858
006143
001104
001140
001313
001311
000724
005627
001536
004477
001173
005607
003101
001656
004030
003412
007377
003168
005303
002194
004837
005811
006032
003780
002681
002574
002058
001118
002432
004337
000014
000467
002964
006546
002599
005979
001949
004054
004211
001835
001567
007329
006764
006508
000389
003333
001602
004788
004871
003346
003879
006365
000781
001148
004430
001931
005094
006700
005905
001134
003439
005754
005356
000347
005652
001156
001177
002906
002135
001569
007080
005307
000219
001244
004702
004785
006313
004823
002951
005911
006868
002504
000397
001558
004304
006704
005278
000224
005490
002485
004183
005168
004815
000896
002777
005435
005123
001249
007012
000421
003298
004102
005533
004253
003228
007082
003800
002606
005415
001702
006541
004704
003099
002361
002461
006898
003343
004971
000021
005610
006682
003362
002832
006204
002892
003075
002109
002609
005980
007035
006724
001549
002273
001266
002499
001823
005824
001091
005175
003066
006333
002693
004940
006744
000228
004203
000524
004956
007357
000906
005082
003194
004147
003062
005794
004328
000137
003624
002396
006635
001959
001644
003287
003909
003874
000511
005314
007188
004585
003962
001505
006465
000951
007358
007173
000317
003870
001979
006117
005244
001153
000576
002651
002479
001645
005301
000584
005346
006097
001452
003559
003549
002737
005515
003302
002156
006581
006474
003625
005583
006993
000949
000844
000384
003532
005212
006605
007361
003619
006658
001253
001139
003296
000197
000158
007087
002106
004321
005104
001327
002171
000648
002323
005908
001921
007024
006723
002676
003725
002274
006968
005655
005043
001411
002963
005625
000601
006475
006105
004093
003136
004925
000917
003157
004161
004023
002100
005476
000120
003769
002902
005753
003316
007406
006884
001073
001459
005488
001707
006648
001065
005521
004794
004320
001259
007351
002181
007473
000752
001511
001939
001550
001412
002997
001114
001229
000124
003170
003881
003717
006721
002261
006904
003476
005422
000661
005702
005046
005969
004136
003576
000446
002678
000461
000023
006101
000677
003446
004796
006151
005279
001248
000900
004641
005549
000184
005485
003046
002399
001387
003447
000094
004154
005739
001820
004026
005236
003887
005364
004617
001344
004841
004954
001627
003182
007450
004960
006444
004835
001630
002444
005913
004900
001897
006739
004672
004378
006166
005789
006885
005554
001694
001054
006803
005049
000126
005616
005665
001767
001950
005544
002382
005955
006562
007295
003822
004902
004756
001272
006534
000371
000547
003772
006044
006130
007439
002054
003574
006364
002914
001089
003238
006810
003221
006899
002338
006334
000742
000621
000335
002546
004039
006236
002969
004215
003006
003501
004356
000570
002121
006301
004978
000140
003463
000004
004514
001096
002805
007252
002677
000795
001631
007017
003456
004294
002582
002330
007373
004131
004733
002213
001051
000614
006897
001824
007221
001579
000222
003442
002000
000530
001386
005764
005370
001270
007116
001287
003421
006798
004781
006144
002765
000497
005357
007431
001497
002779
003247
004313
007129
007293
002269
002449
004443
001421
004789
006170
006082
004639
002270
005425
001301
000791
000112
005141
001510
001279
001970
004500
005628
006894
005941
003155
002616
005262
000505
001926
003609
001783
001560
004478
004208
003160
000434
002604
006515
005884
000859
004480
003071
002620
000070
004563
002410
003115
001321
005412
001676
007168
006556
006195
001190
003060
005900
004028
000771
005281
000333
003595
006266
002641
004950
006749
002621
000634
006497
006825
004867
007477
000182
003598
002476
006464
006703
004537
005327
001388
006790
001056
001647
006802
000239
001803
000877
002544
004247
004005
000532
001514
004813
003859
000128
005355
002218
004838
006543
007348
001901
005149
005150
004144
004429
002897
002465
002834
006957
005367
001874
000372
002113
006589
002625
004103
003278
004859
003860
005148
000513
005245
002511
005571
007183
007138
004749
002950
001264
002375
005258
006500
004640
006138
004465
000240
005600
005239
001263
007214
004234
000391
003172
006547
006631
007046
002293
006675
004542
005799
005446
002699
005022
003472
006731
003686
006554
001188
006155
004831
005910
002533
006272
004984
003602
003331
000701
000046
003372
001381
003080
005935
005777
003511
000304
005902
003880
004318
001402
005507
003580
000113
003202
004690
007414
000457
006597
000337
006139
000559
002123
001688
000738
003716
005612
005989
000979
001538
006310
001317
005559
000073
004918
003205
000107
003020
004221
005633
001017
001035
006318
006979
005509
000406
001848
002408
006113
001239
007074
003946
004029
005047
001161
007248
004051
005604
000510
000415
000700
001726
000907
004836
006048
002728
002568
006106
002845
003521
003845
006159
001920
000474
002042
006619
007039
003389
000908
004977
001289
001027
004936
002310
000978
005272
000075
001336
005928
004486
002665
003031
000142
002285
004300
000144
005165
005413
000229
004541
004951
001385
002654
000297
004988
004824
003891
002119
004747
000789
004111
006110
000407
002984
005448
005220
005443
005337
003669
001568
005456
005207
003253
006872
003842
003132
000086
004174
005304
001855
004245
004743
002438
005968
001792
001480
001019
003606
000050
002409
001994
004041
004682
002276
003487
004184
005512
002324
001262
000623
006517
002922
002039
002667
002271
006396
002043
006699
006378
005694
000664
000018
005810
001691
006943
006762
004258
005169
002792
006121
003128
002429
002601
002868
005087
000130
000533
003589
007456
005916
000699
001599
004409
001316
001392
002370
004852
001102
007344
000308
007354
004260
000828
002159
000303
001977
005155
002149
000296
005260
007207
003471
001012
006319
004654
005765
005790
007390
004962
001098
006232
005812
004937
001033
004684
006955
004159
003492
002033
000455
004397
005543
005211
002357
004276
005680
002646
006297
006366
004669
005383
002689
005108
005953
006202
004544
000558
003306
006262
002031
003424
002611
005030
004604
007220
000293
000356
002268
002455
002254
003024
005145
007185
001817
003270
005561
003292
003545
001050
004283
004134
006980
004341
003178
000544
005889
000969
003291
004508
000241
005429
006939
001677
005648
006652
000751
004964
001782
007211
000776
001526
001418
005760
004697
000746
004629
006860
005286
006116
002187
001001
002615
003734
002738
006340
003250
003413
003774
006217
006322
003089
002855
000420
006945
002877
002133
003733
006302
003956
004548
006315
001813
000804
000817
007290
007070
002050
002957
003350
000233
002415
002001
001175
004185
006409
004893
003958
006485
006890
004216
002991
000068
006840
000476
004575
004795
004803
004071
002263
003749
007306
000707
003730
001674
003760
001851
000365
005504
005359
004574
001559
004398
006761
005670
000682
006823
004255
002996
006529
001816
006265
001083
006741
002955
001845
000157
004490
004924
005457
000289
003139
005539
004633
004191
005614
007216
006683
001796
005454
005110
005027
005597
001852
005690
007420
001759
002743
003003
000580
004371
000678
005202
001746
005797
000404
007048
001703
006002
003915
007143
005703
006637
002064
006235
006160
003863
007153
005877
006929
000287
000486
000836
000349
004579
005016
002925
004497
003708
001334
001718
006509
005700
002732
003275
006478
006888
002125
000361
001626
000622
003371
002089
002248
000381
004531
002755
005805
000350
006142
003627
005249
006889
002605
006879
005825
004463
004157
002402
002629
007236
000748
003890
005006
004995
005482
005611
001873
001564
005084
005335
000842
000309
002812
000402
005973
005869
001585
002672
001094
003045
002712
004210
005204
005277
007068
007255
004133
003667
000401
003702
004284
002356
003694
001265
002367
002536
000862
005637
006179
002177
005827
005582
001888
005817
006863
006023
007131
001661
002981
001085
001384
001831
005194
004034
002910
001799
003569
001474
006066
005102
001473
004256
006335
000962
002024
003583
002277
004624
001122
003431
002105
000465
003541
000148
001531
000336
004120
004799
000502
006033
005096
002915
005353
000704
001491
000988
002333
003648
004944
001604
002565
002122
000825
001752
003806
000918
000496
002012
002818
005987
000482
002740
003043
003572
001093
005557
002295
005306
003505
004881
002924
001086
006926
004270
003329
001078
000638
006626
006844
000660
001548
006861
000156
001493
003963
007009
002835
000032
005351
001477
000991
002913
002335
003610
005621
004213
005025
001705
002670
001954
000453
006358
003484
000425
003767
006845
003490
002520
004384
007409
005174
004122
003810
000864
005396
000498
003142
005273
000925
005891
007172
003138
000718
006817
001530
005189
003480
005681
001271
003148
000957
007190
006617
000031
001292
003370
005208
004355
001862
002224
004919
000517
000273
000370
006595
006157
000937
001614
003882
002208
006966
003802
000183
003959
001620
007349
003671
004179
003805
003955
001518
002561
005929
002959
001002
004451
000373
003899
004338
002669
002510
000801
006592
004555
002706
001393
001925
006976
006567
000627
003558
005747
003790
005723
004410
004015
001609
001844
000195
005618
002488
005766
005181
004449
004254
000732
002867
002373
006877
005744
006329
000543
005344
005596
004532
001185
002687
004614
002904
007065
006237
001890
004401
001415
001995
004626
001992
004764
005943
006225
002976
003947
000735
006223
002475
001158
006421
005784
001927
003974
004197
004529
004783
002046
004886
001900
000613
002018
002506
005886
001154
000292
006005
001066
005978
003448
001963
005040
000262
001850
004084
002497
001961
002746
005909
006483
006419
000928
000067
002535
004387
003450
004908
007022
003495
003242
005773
001646
002450
001284
000058
006361
004909
002348
001967
001225
003127
002265
001484
007316
001729
005275
002434
006518
000826
006308
002292
002494
003181
002397
005053
003812
002427
005402
007402
004592
005776
006296
000089
001717
003704
001293
003796
005654
005487
004755
003983
000100
006641
002597
007106
005528
005064
001063
000591
004989
000376
006833
001551
000062
002481
001299
001438
000118
006582
003729
000692
003592
003922
002735
006431
004024
001913
000483
004016
006804
002878
003582
003000
002802
006892
004079
005079
002428
006132
004868
003019
000710
004776
001795
004431
002602
007285
005938
005814
003176
007062
005012
004613
002721
003393
005757
001504
004882
006608
005831
003404
001869
004176
001821
006936
003104
006215
001464
004520
003550
004437
001457
002021
002321
006370
006285
001376
003167
006210
007200
003872
000212
001314
001751
002314
002073
002245
007287
005662
005445
007036
006392
003794
002639
001194
006607
002512
007384
001011
000102
003594
000911
000914
006187
000514
004608
004325
002150
005674
006454
006224
007021
006618
005623
004123
005672
005798
002680
005255
005671
005519
003345
003537
001632
005157
003065
006417
003381
000314
003678
003871
003650
004560
004606
007089
000484
007202
005687
004857
001382
001330
002212
006423
001519
001261
002977
001942
000321
006836
002377
001826
002943
002059
007369
007445
000894
001960
000160
007244
001340
006848
003663
000231
006241
002112
001766
006502
006406
006781
005981
000594
001128
004894
001092
000609
003498
003927
001692
000040
004635
004793
007238
006291
000281
001516
002838
003025
002608
004097
005243
006815
003626
001591
006996
001971
006035
005717
006220
006910
002739
000942
000659
007291
002619
006071
006974
002796
003968
000892
000983
001981
001872
007146
000211
004118
000816
005711
006967
004119
004301
004418
004875
001727
003818
004310
006808
003510
001940
007232
005952
006809
002653
001525
001295
003562
005210
005874
002783
003604
000319
002627
006882
003454
002848
002088
001944
000921
003213
000835
000294
002775
004033
004720
006325
001235
000897
002596
002938
003841
005996
006233
000235
004219
004110
002863
005160
006959
004513
005547
002502
000414
002454
005936
001419
005666
003106
005859
004334
000109
005716
003121
006271
005200
004511
004535
001943
001258
004999
005365
000408
006642
002873
001053
007266
003954
006527
003399
001159
000722
000151
007434
002923
000252
000454
004994
002008
003308
007331
002267
001329
003612
001743
002947
002784
005730
003809
001532
002647
001623
006053
005397
007423
002346
003645
003102
006452
003710
006345
000560
006145
003784
004972
000216
005081
003042
001770
006007
003836
004700
003850
003040
001391
006367
001907
005428
003817
003799
002124
002331
005644
000985
003795
004055
003593
006477
002110
005882
006154
003556
006726
004892
004323
000043
001192
002345
003279
003193
006999
005506
003236
007342
001400
006852
003995
002077
001619
000452
005510
006133
005379
004591
006016
004405
003315
000464
002022
005526
005494
000033
001902
005820
002986
000081
001571
001547
000518
002908
005878
002313
003742
000392
006725
001986
000803
006920
005570
002266
006050
004525
000770
007372
003366
003693
003923
001274
004982
003095
005501
000997
004594
004680
006952
002854
002472
001916
007007
006351
002172
007107
007090
002191
007323
006079
005092
005594
003029
006689
005591
004011
001860
005960
001441
002281
006316
006905
007432
000713
004170
005219
005990
004981
007421
004076
006591
002527
006944
004754
006487
002395
002403
005497
005234
000410
007072
002067
007130
002305
006826
005291
004150
003696
005340
004380
002756
007162
000015
001296
005478
004694
006788
004615
000630
007478
006783
002116
002136
004771
006811
003979
004091
001145
006295
006095
007341
003356
006359
006175
002592
000012
002034
000320
006954
003507
000652
005673
001455
004779
003613
003846
005888
000056
001935
006912
006163
003898
000523
003326
002493
004288
001957
005729
000965
006709
005578
004802
004569
006621
004681
004470
003726
006096
002690
003867
005752
002542
001668
003876
000354
003988
007356
001843
000902
001004
001894
006407
005139
000712
001690
004435
003188
001023
000170
000052
003379
006171
006092
001243
002804
004661
004521
001570
000657
001137
003542
002767
006112
002734
007092
001222
004326
003261
005463
006403
003617
001679
002258
000377
003692
000545
001673
000416
002859
002198
002688
006706
006734
001123
002664
001822
001589
003055
006019
004244
003151
006227
005709
005713
004830
005523
007339
004650
002789
000066
001068
006496
003489
000734
007399
000468
006147
002643
003174
007045
001494
005213
003803
004278
005106
006528
002381
004805
004526
005495
004061
007167
006632
002214
005841
004004
003931
002876
001440
001879
003267
006466
000588
007150
006782
005063
003373
000098
003722
000631
001742
003437
007460
001238
005375
003984
004607
007398
007231
003654
001908
003573
003888
000834
000084
001236
000462
004426
003030
004007
004970
001037
003855
005932
002587
005862
000531
005743
004509
000132
005914
003116
002049
005051
004456
001801
004433
006247
001215
005130
006209
000814
005231
001733
004578
002798
003357
006916
002600
002761
001775
003910
000243
002578
005899
005975
003948
001867
005592
004503
006162
004933
007385
004858
000201
004468
006472
006060
002696
006362
003453
004645
004915
004156
002328
006522
004623
005345
003531
004708
007004
001834
005176
002705
004072
004543
003884
001606
003869
003536
006346
002339
003363
002703
005257
006250
004821
002369
003736
005101
001345
007437
005852
007033
001825
003355
003111
001613
007428
001149
000935
000022
001704
004115
003587
002010
006867
005330
002953
005872
000727
000227
001978
000441
005728
002865
004598
007337
007111
006298
002289
006814
003857
005847
003957
000167
000654
001652
003203
007275
005366
006451
001476
000114
000938
001877
005734
006755
001105
004559
006411
004360
001780
005069
001437
006492
004198
000923
001583
000851
003581
007029
006427
001693
004499
000430
003210
001501
001930
002204
002966
003992
000325
000396
005292
001482
006293
004899
006561
000071
002117
006751
004342
000930
001640
006327
005177
004031
005830
000394
005983
007239
004308
004685
000886
000968
005392
000686
002901
006445
006488
007443
004228
001343
004280
002730
003230
004735
003341
004377
006777
000274
003635
006374
001793
000038
001398
006009
006934
004121
002009
004027
005780
005320
001423
003465
001989
000637
004440
003317
000758
002624
005024
006684
007159
003808
001741
003085
005887
005551
003672
005783
006730
005114
004344
005587
001488
003848
005579
001081
003953
004107
005350
000207
004345
001806
006603
005650
003970
006696
000690
006177
002937
001125
005883
000888
003747
005710
000754
000975
005193
006188
006238
002813
006987
004648
004090
000196
006011
001881
003223
006069
003113
000013
003684
007476
007312
007028
003771
000485
006598
001561
007308
004527
003432
001364
007154
000217
002941
000827
007093
006827
004279
000283
005416
000548
000017
004217
001756
002794
001527
002833
003829
002505
002988
005769
006969
003926
002658
000916
000435
001760
000208
005722
004612
001203
000470
000995
006072
005105
004920
002591
003523
003933
002440
000953
006115
003070
000316
000439
006408
002282
002400
005609
006314
000714
001458
001309
000954
003078
002052
000607
002420
000057
006459
001362
002674
004784
001681
002332
000072
004000
001917
000270
005965
002291
001257
007169
000658
007289
003883
002048
000026
004947
003786
003728
006258
004297
006455
003390
002764
002436
002900
005076
004037
002394
006908
004819
001597
001543
003133
004385
000863
005071
000956
005848
004887
005121
004914
003479
006813
001467
003918
006542
001998
007309
002795
001013
000030
001191
000395
002424
004148
005861
002130
002458
006701
004889
000910
005449
003409
007367
004472
000405
004979
004243
002850
004856
001553
006896
001351
005309
001417
003141
000103
004350
003466
002742
007086
000952
002880
003001
000306
003313
007084
007184
007191
003093
002836
006004
005271
002019
004932
005032
006971
001987
006229
001195
006521
003092
006125
001648
002978
003928
004317
001183
004273
000493
002826
006499
003483
000537
001601
004073
002192
006228
001573
002045
005954
005675
001544
001355
005903
002931
000913
001540
002726
006201
001320
001315
006623
002061
005563
000275
001611
004116
000841
002478
003073
000563
001853
006828
006772
000753
000889
000181
004931
000552
006773
000633
005005
004251
005020
001791
006988
006373
002967
002414
001471
003265
007205
000280
001079
000477
005164
002236
001164
000529
000186
005942
006309
001617
002446
005414
003972
003590
004145
006858
007134
007283
007440
003893
004726
004062
000061
001934
001725
005179
000343
005348
000076
001047
002229
002749
006078
001463
003416
004528
003816
000458
002920
007452
004567
003900
000149
002907
000777
000736
002350
005014
003375
005606
001838
005585
005724
005352
007318
002405
000838
003354
004020
000720
003284
000069
005531
006014
000796
002139
006931
006757
005792
002129
003865
004861
007392
007263
004001
002702
001683
004419
006504
000941
003732
005844
001739
001308
000857
003500
002140
001217
005045
001208
002051
002782
002044
001059
002388
007132
000152
002661
004923
002355
000312
006886
001181
007325
000786
004396
000324
004524
000579
002698
005768
001737
003761
005750
005967
003382
000882
001260
002648
001969
002216
003770
002134
006357
002694
000162
003328
000782
006917
002411
004642
000520
006846
007060
005427
001318
001535
004958
001009
001223
003410
001408
006588
002206
007109
002102
004169
006289
006964
006982
005191
006616
002733
003868
000790
007280
004003
002221
000757
001841
003894
003007
003262
001025
003945
001871
005059
000939
004220
003525
002495
005865
000165
001057
004664
006024
006824
000472
000820
000271
005453
004980
004570
006152
007137
000605
003204
004992
004890
001563
001750
006460
007297
000029
006831
003408
001189
007030
000881
003088
004450
003825
004423
006468
004420
000039
004415
001903
000702
006593
006994
002736
005537
005802
005934
001478
002257
006273
003377
002296
005801
000653
006938
003689
002709
006871
001556
002309
001539
000829
002327
004786
002278
002300
002393
000282
006158
004714
005787
000044
006471
002992
001580
006612
006243
004299
004949
006853
001578
002731
006727
003788
006909
000944
007113
006386
007229
004040
006580
000131
006656
003720
004366
007422
006136
004631
002311
003004
004571
003709
001887
005712
005293
000247
005731
006688
002846
001489
001171
001513
006975
002347
000808
003698
000589
000357
006061
002468
003145
004800
003443
002013
001603
002928
004673
004454
002747
006304
006983
002101
003209
007451
001067
005437
004877
003257
006448
004140
001366
006307
002881
001211
003578
007376
007250
004961
007019
003944
003246
006718
001719
001060
005970
004201
002344
004991
002016
000883
006708
005890
002114
006680
003012
007186
002047
000730
006055
006494
004132
001043
005341
005991
002451
004324
002851
002961
004274
000286
006634
006748
004930
000025
002979
007136
006064
005116
002080
004515
004263
006167
006638
004547
000639
005726
006284
005992
004505
004736
001651
006891
002286
002769
003028
007461
006388
003475
001764
001590
004625
004851
005926
001113
002962
006317
005500
002062
000499
000079
001151
002148
003952
001574
004724
004820
004610
007170
006829
004533
006103
006311
001660
002872
000848
004467
005467
004042
004656
000362
004389
000451
004817
004315
006222
001528
004014
001740
000000
004807
007347
002158
000554
002801
004801
001802
